0.00000000  0.00000000  2.35602094  0.00000000  0.00000000  0.00000000
0.00000000  0.00000000  2.35602094  1.00000000  0.66666667  0.05000000
-0.03534920  0.03536147  2.38935428  1.00313953  0.66875968  0.10000000
-0.07197188  0.06963247  2.42279226  1.00626666  0.67084444  0.15000000
-0.10983751  0.10276292  2.45633448  1.00936907  0.67291271  0.20000000
-0.14891299  0.13470303  2.48998012  1.01243449  0.67495633  0.25000000
-0.18916268  0.16540356  2.52372793  1.01545085  0.67696723  0.30000000
-0.23054825  0.19481589  2.55757630  1.01840623  0.67893749  0.35000000
-0.27302877  0.22289228  2.59152317  1.02128896  0.68085931  0.40000000
-0.31656061  0.24958604  2.62556614  1.02408768  0.68272512  0.45000000
-0.36109750  0.27485171  2.65970239  1.02679134  0.68452756  0.50000000
-0.40659054  0.29864529  2.69392877  1.02938926  0.68625951  0.55000000
-0.45298824  0.32092441  2.72824174  1.03187120  0.68791413  0.60000000
-0.50023659  0.34164852  2.76263745  1.03422736  0.68948490  0.65000000
-0.54827912  0.36077914  2.79711170  1.03644843  0.69096562  0.70000000
-0.59705702  0.37828000  2.83165998  1.03852566  0.69235044  0.75000000
-0.64650923  0.39411723  2.86627750  1.04045085  0.69363390  0.80000000
-0.69657258  0.40825957  2.90095919  1.04221640  0.69481093  0.85000000
-0.74718194  0.42067851  2.93569974  1.04381533  0.69587689  0.90000000
-0.79827038  0.43134846  2.97049359  1.04524135  0.69682757  0.95000000
-0.84976933  0.44024688  3.00533496  1.04648882  0.69765922  1.00000000
-0.90160879  0.44735445  3.04021793  1.04755283  0.69836855  1.05000000
-0.95371752  0.45265513  3.07513635  1.04842916  0.69895277  1.10000000
-1.00602326  0.45613630  3.11008399  1.04911436  0.69940958  1.15000000
-1.05845295  0.45778884  3.14505447  1.04960574  0.69973716  1.20000000
-1.11093292  0.45760716  3.18004133  1.04990134  0.69993422  1.25000000
-1.16338919  0.45558929  3.21503804  1.05000000  0.70000000  1.30000000
-1.21574765  0.45173687  3.25003804  1.04990134  0.69993422  1.35000000
-1.26793434  0.44605518  3.28503475  1.04960574  0.69973716  1.40000000
-1.31987565  0.43855308  3.32002161  1.04911436  0.69940958  1.45000000
-1.37149856  0.42924305  3.35499209  1.04842916  0.69895277  1.50000000
-1.42273093  0.41814105  3.38993973  1.04755283  0.69836855  1.55000000
-1.47350162  0.40526652  3.42485815  1.04648882  0.69765922  1.60000000
-1.52374082  0.39064223  3.45974111  1.04524135  0.69682757  1.65000000
-1.57338018  0.37429421  3.49458249  1.04381533  0.69587689  1.70000000
-1.62235304  0.35625161  3.52937634  1.04221640  0.69481093  1.75000000
-1.67059460  0.33654655  3.56411688  1.04045085  0.69363390  1.80000000
-1.71804211  0.31521398  3.59879858  1.03852566  0.69235044  1.85000000
-1.76463502  0.29229150  3.63341610  1.03644843  0.69096562  1.90000000
-1.81031509  0.26781919  3.66796438  1.03422736  0.68948490  1.95000000
-1.85502658  0.24183943  3.70243863  1.03187120  0.68791413  2.00000000
-1.89871629  0.21439667  3.73683433  1.02938926  0.68625951  2.05000000
-1.94133368  0.18553728  3.77114731  1.02679134  0.68452756  2.10000000
-1.98283092  0.15530932  3.80537369  1.02408768  0.68272512  2.15000000
-2.02316300  0.12376233  3.83950994  1.02128896  0.68085931  2.20000000
-2.06228767  0.09094712  3.87355291  1.01840623  0.67893749  2.25000000
-2.10016555  0.05691560  3.90749978  1.01545085  0.67696723  2.30000000
-2.13676005  0.02172052  3.94134814  1.01243449  0.67495633  2.35000000
-2.17203742  -0.01458465  3.97509596  1.00936907  0.67291271  2.40000000
-2.20596668  -0.05194600  4.00874160  1.00626666  0.67084444  2.45000000
-2.23851956  -0.09030928  4.04228382  1.00313953  0.66875968  2.50000000
-2.26967048  -0.12962013  4.07572180  1.00000000  0.66666667  2.55000000
-2.29939642  -0.16982422  4.10905514  0.99686047  0.66457365  2.60000000
-2.32767690  -0.21086738  4.14228382  0.99373334  0.66248889  2.65000000
-2.35449381  -0.25269582  4.17540826  0.99063093  0.66042062  2.70000000
-2.37983138  -0.29525615  4.20842929  0.98756551  0.65837700  2.75000000
-2.40367599  -0.33849559  4.24134814  0.98454915  0.65636610  2.80000000
-2.42601610  -0.38236200  4.27416645  0.98159377  0.65439585  2.85000000
-2.44684211  -0.42680401  4.30688624  0.97871104  0.65247402  2.90000000
-2.46614625  -0.47177110  4.33950994  0.97591232  0.65060821  2.95000000
-2.48392240  -0.51721360  4.37204035  0.97320866  0.64880577  3.00000000
-2.50016602  -0.56308279  4.40448064  0.97061074  0.64707382  3.05000000
-2.51487397  -0.60933091  4.43683433  0.96812880  0.64541920  3.10000000
-2.52804443  -0.65591119  4.46910529  0.96577264  0.64384843  3.15000000
-2.53967672  -0.70277783  4.50129771  0.96355157  0.64236771  3.20000000
-2.54977123  -0.74988600  4.53341610  0.96147434  0.64098289  3.25000000
-2.55832926  -0.79719184  4.56546524  0.95954915  0.63969943  3.30000000
-2.56535296  -0.84465239  4.59745022  0.95778360  0.63852240  3.35000000
-2.57084517  -0.89222559  4.62937634  0.95618467  0.63745644  3.40000000
-2.57480938  -0.93987019  4.66124916  0.95475865  0.63650576  3.45000000
-2.57724963  -0.98754571  4.69307445  0.95351118  0.63567412  3.50000000
-2.57817040  -1.03521238  4.72485815  0.95244717  0.63496478  3.55000000
-2.57757660  -1.08283104  4.75660639  0.95157084  0.63438056  3.60000000
-2.57547349  -1.13036307  4.78832542  0.95088564  0.63392376  3.65000000
-2.57186662  -1.17777034  4.82002161  0.95039426  0.63359618  3.70000000
-2.56676181  -1.22501507  4.85170142  0.95009866  0.63339911  3.75000000
-2.56016517  -1.27205976  4.88337137  0.95000000  0.63333333  3.80000000
-2.55208302  -1.31886712  4.91503804  0.95009866  0.63339911  3.85000000
-2.54252195  -1.36539995  4.94670799  0.95039426  0.63359618  3.90000000
-2.53148879  -1.41162108  4.97838780  0.95088564  0.63392376  3.95000000
-2.51899068  -1.45749325  5.01008399  0.95157084  0.63438056  4.00000000
-2.50503506  -1.50297905  5.04180302  0.95244717  0.63496478  4.05000000
-2.48962977  -1.54804086  5.07355126  0.95351118  0.63567412  4.10000000
-2.47278305  -1.59264071  5.10533496  0.95475865  0.63650576  4.15000000
-2.45450365  -1.63674030  5.13716025  0.95618467  0.63745644  4.20000000
-2.43480087  -1.68030087  5.16903307  0.95778360  0.63852240  4.25000000
-2.41368469  -1.72328319  5.20095919  0.95954915  0.63969943  4.30000000
-2.39116580  -1.76564752  5.23294417  0.96147434  0.64098289  4.35000000
-2.36725577  -1.80735355  5.26499331  0.96355157  0.64236771  4.40000000
-2.34196708  -1.84836039  5.29711170  0.96577264  0.64384843  4.45000000
-2.31531329  -1.88862660  5.32930412  0.96812880  0.64541920  4.50000000
-2.28730912  -1.92811014  5.36157508  0.97061074  0.64707382  4.55000000
-2.25797055  -1.96676840  5.39392877  0.97320866  0.64880577  4.60000000
-2.22731498  -2.00455827  5.42636906  0.97591232  0.65060821  4.65000000
-2.19536132  -2.04143612  5.45889947  0.97871104  0.65247402  4.70000000
-2.16213010  -2.07735789  5.49152317  0.98159377  0.65439585  4.75000000
-2.12764359  -2.11227918  5.52424296  0.98454915  0.65636610  4.80000000
-2.09192591  -2.14615528  5.55706127  0.98756551  0.65837700  4.85000000
-2.05500313  -2.17894128  5.58998012  0.99063093  0.66042062  4.90000000
-2.01690337  -2.21059223  5.62300115  0.99373334  0.66248889  4.95000000
-1.97765690  -2.24106319  5.65612559  0.99686047  0.66457365  5.00000000
-1.93729620  -2.27030940  5.68935428  1.00000000  0.66666667  5.05000000
-1.89585604  -2.29828642  5.72268761  1.00313953  0.66875968  5.10000000
-1.85337355  -2.32495026  5.75612559  1.00626666  0.67084444  5.15000000
-1.80988825  -2.35025758  5.78966782  1.00936907  0.67291271  5.20000000
-1.76544210  -2.37416582  5.82331345  1.01243449  0.67495633  5.25000000
-1.72007950  -2.39663343  5.85706127  1.01545085  0.67696723  5.30000000
-1.67384731  -2.41761999  5.89090963  1.01840623  0.67893749  5.35000000
-1.62679483  -2.43708642  5.92485650  1.02128896  0.68085931  5.40000000
-1.57897378  -2.45499522  5.95889947  1.02408768  0.68272512  5.45000000
-1.53043824  -2.47131057  5.99303572  1.02679134  0.68452756  5.50000000
-1.48124461  -2.48599859  6.02726210  1.02938926  0.68625951  5.55000000
-1.43145151  -2.49902750  6.06157508  1.03187120  0.68791413  5.60000000
-1.38111968  -2.51036781  6.09597078  1.03422736  0.68948490  5.65000000
-1.33031189  -2.51999247  6.13044503  1.03644843  0.69096562  5.70000000
-1.27909279  -2.52787710  6.16499331  1.03852566  0.69235044  5.75000000
-1.22752878  -2.53400010  6.19961083  1.04045085  0.69363390  5.80000000
-1.17568781  -2.53834279  6.23429253  1.04221640  0.69481093  5.85000000
-1.12363926  -2.54088962  6.26903307  1.04381533  0.69587689  5.90000000
-1.07145372  -2.54162821  6.30382692  1.04524135  0.69682757  5.95000000
-1.01920279  -2.54054952  6.33866830  1.04648882  0.69765922  6.00000000
-0.96695886  -2.53764789  6.37355126  1.04755283  0.69836855  6.05000000
-0.91479493  -2.53292117  6.40846969  1.04842916  0.69895277  6.10000000
-0.86278435  -2.52637075  6.44341732  1.04911436  0.69940958  6.15000000
-0.81100057  -2.51800158  6.47838780  1.04960574  0.69973716  6.20000000
-0.75951697  -2.50782223  6.51337466  1.04990134  0.69993422  6.25000000
-0.70840655  -2.49584486  6.54837137  1.05000000  0.70000000  6.30000000
-0.65774175  -2.48208520  6.58337137  1.04990134  0.69993422  6.35000000
-0.60759419  -2.46656251  6.61836808  1.04960574  0.69973716  6.40000000
-0.55803442  -2.44929955  6.65335494  1.04911436  0.69940958  6.45000000
-0.50913174  -2.43032246  6.68832542  1.04842916  0.69895277  6.50000000
-0.46095394  -2.40966067  6.72327306  1.04755283  0.69836855  6.55000000
-0.41356714  -2.38734681  6.75819149  1.04648882  0.69765922  6.60000000
-0.36703555  -2.36341654  6.79307445  1.04524135  0.69682757  6.65000000
-0.32142129  -2.33790845  6.82791583  1.04381533  0.69587689  6.70000000
-0.27678425  -2.31086384  6.86270967  1.04221640  0.69481093  6.75000000
-0.23318192  -2.28232660  6.89745022  1.04045085  0.69363390  6.80000000
-0.19066923  -2.25234299  6.93213191  1.03852566  0.69235044  6.85000000
-0.14929848  -2.22096147  6.96674943  1.03644843  0.69096562  6.90000000
-0.10911917  -2.18823248  7.00129771  1.03422736  0.68948490  6.95000000
-0.07017798  -2.15420825  7.03577196  1.03187120  0.68791413  7.00000000
-0.03251864  -2.11894255  7.07016767  1.02938926  0.68625951  7.05000000
0.00381807  -2.08249053  7.10448064  1.02679134  0.68452756  7.10000000
0.03879436  -2.04490848  7.13870702  1.02408768  0.68272512  7.15000000
0.07237546  -2.00625362  7.17284328  1.02128896  0.68085931  7.20000000
0.10452961  -1.96658387  7.20688624  1.01840623  0.67893749  7.25000000
0.13522801  -1.92595770  7.24083312  1.01545085  0.67696723  7.30000000
0.16444483  -1.88443387  7.27468148  1.01243449  0.67495633  7.35000000
0.19215711  -1.84207128  7.30842929  1.00936907  0.67291271  7.40000000
0.21834470  -1.79892879  7.34207493  1.00626666  0.67084444  7.45000000
0.24299021  -1.75506502  7.37561715  1.00313953  0.66875968  7.50000000
0.26607886  -1.71053821  7.40905514  1.00000000  0.66666667  7.55000000
0.28759844  -1.66540610  7.44238847  0.99686047  0.66457365  7.60000000
0.30753913  -1.61972573  7.47561715  0.99373334  0.66248889  7.65000000
0.32589345  -1.57355340  7.50874160  0.99063093  0.66042062  7.70000000
0.34265604  -1.52694450  7.54176263  0.98756551  0.65837700  7.75000000
0.35782362  -1.47995345  7.57468148  0.98454915  0.65636610  7.80000000
0.37139479  -1.43263363  7.60749978  0.98159377  0.65439585  7.85000000
0.38336992  -1.38503728  7.64021957  0.97871104  0.65247402  7.90000000
0.39375101  -1.33721552  7.67284328  0.97591232  0.65060821  7.95000000
0.40254151  -1.28921823  7.70537369  0.97320866  0.64880577  8.00000000
0.40974625  -1.24109413  7.73781398  0.97061074  0.64707382  8.05000000
0.41537125  -1.19289068  7.77016767  0.96812880  0.64541920  8.10000000
0.41942364  -1.14465416  7.80243863  0.96577264  0.64384843  8.15000000
0.42191148  -1.09642966  7.83463105  0.96355157  0.64236771  8.20000000
0.42284369  -1.04826110  7.86674943  0.96147434  0.64098289  8.25000000
0.42222991  -1.00019130  7.89879858  0.95954915  0.63969943  8.30000000
0.42008043  -0.95226202  7.93078355  0.95778360  0.63852240  8.35000000
0.41640606  -0.90451401  7.96270967  0.95618467  0.63745644  8.40000000
0.41121809  -0.85698709  7.99458249  0.95475865  0.63650576  8.45000000
0.40452819  -0.80972024  8.02640778  0.95351118  0.63567412  8.50000000
0.39634835  -0.76275164  8.05819149  0.95244717  0.63496478  8.55000000
0.38669085  -0.71611880  8.08993973  0.95157084  0.63438056  8.60000000
0.37556819  -0.66985862  8.12165875  0.95088564  0.63392376  8.65000000
0.36299311  -0.62400750  8.15335494  0.95039426  0.63359618  8.70000000
0.34897852  -0.57860139  8.18503475  0.95009866  0.63339911  8.75000000
0.33353756  -0.53367595  8.21670471  0.95000000  0.63333333  8.80000000
0.31668354  -0.48926658  8.24837137  0.95009866  0.63339911  8.85000000
0.29843002  -0.44540854  8.28004133  0.95039426  0.63359618  8.90000000
0.27879079  -0.40213703  8.31172114  0.95088564  0.63392376  8.95000000
0.25777995  -0.35948725  8.34341732  0.95157084  0.63438056  9.00000000
0.23541195  -0.31749451  8.37513635  0.95244717  0.63496478  9.05000000
0.21170164  -0.27619426  8.40688459  0.95351118  0.63567412  9.10000000
0.18666435  -0.23562219  8.43866830  0.95475865  0.63650576  9.15000000
0.16031596  -0.19581424  8.47049359  0.95618467  0.63745644  9.20000000
0.13267301  -0.15680668  8.50236641  0.95778360  0.63852240  9.25000000
0.10375275  -0.11863612  8.53429253  0.95954915  0.63969943  9.30000000
0.07357326  -0.08133954  8.56627750  0.96147434  0.64098289  9.35000000
0.04215357  -0.04495430  8.59832664  0.96355157  0.64236771  9.40000000
0.00951373  -0.00951816  8.63044503  0.96577264  0.64384843  9.45000000
-0.02432505  0.02493077  8.66263745  0.96812880  0.64541920  9.50000000
-0.05934032  0.05835403  8.69490841  0.97061074  0.64707382  9.55000000
-0.09550825  0.09071286  8.72726210  0.97320866  0.64880577  9.60000000
-0.13280356  0.12196822  8.75970239  0.97591232  0.65060821  9.65000000
-0.17119938  0.15208090  8.79223280  0.97871104  0.65247402  9.70000000
-0.21066714  0.18101157  8.82485650  0.98159377  0.65439585  9.75000000
-0.25117654  0.20872086  8.85757630  0.98454915  0.65636610  9.80000000
-0.29269535  0.23516950  8.89039460  0.98756551  0.65837700  9.85000000
-0.33518945  0.26031837  8.92331345  0.99063093  0.66042062  9.90000000
-0.37862265  0.28412869  8.95633448  0.99373334  0.66248889  9.95000000
-0.42295668  0.30656212  8.98945893  0.99686047  0.66457365  10.00000000
-0.46815112  0.32758091  9.02268761  1.00000000  0.66666667  10.05000000
-0.51416337  0.34714805  9.05602094  1.00313953  0.66875968  10.10000000
-0.56094860  0.36522745  9.08945893  1.00626666  0.67084444  10.15000000
-0.60845975  0.38178408  9.12300115  1.00936907  0.67291271  10.20000000
-0.65664753  0.39678417  9.15664678  1.01243449  0.67495633  10.25000000
-0.70546042  0.41019538  9.19039460  1.01545085  0.67696723  10.30000000
-0.75484473  0.42198696  9.22424296  1.01840623  0.67893749  10.35000000
-0.80474460  0.43212996  9.25818984  1.02128896  0.68085931  10.40000000
-0.85510213  0.44059740  9.29223280  1.02408768  0.68272512  10.45000000
-0.90585738  0.44736444  9.32636906  1.02679134  0.68452756  10.50000000
-0.95694856  0.45240856  9.36059544  1.02938926  0.68625951  10.55000000
-1.00831205  0.45570973  9.39490841  1.03187120  0.68791413  10.60000000
-1.05988259  0.45725058  9.42930412  1.03422736  0.68948490  10.65000000
-1.11159343  0.45701653  9.46377836  1.03644843  0.69096562  10.70000000
-1.16337644  0.45499594  9.49832664  1.03852566  0.69235044  10.75000000
-1.21516235  0.45118027  9.53294417  1.04045085  0.69363390  10.80000000
-1.26688085  0.44556416  9.56762586  1.04221640  0.69481093  10.85000000
-1.31846090  0.43814553  9.60236641  1.04381533  0.69587689  10.90000000
-1.36983084  0.42892569  9.63716025  1.04524135  0.69682757  10.95000000
-1.42091866  0.41790941  9.67200163  1.04648882  0.69765922  11.00000000
-1.47165221  0.40510494  9.70688459  1.04755283  0.69836855  11.05000000
-1.52195942  0.39052407  9.74180302  1.04842916  0.69895277  11.10000000
-1.57176856  0.37418214  9.77675066  1.04911436  0.69940958  11.15000000
-1.62100845  0.35609802  9.81172114  1.04960574  0.69973716  11.20000000
-1.66960871  0.33629409  9.84670799  1.04990134  0.69993422  11.25000000
-1.71749997  0.31479621  9.88170471  1.05000000  0.70000000  11.30000000
-1.76461414  0.29163362  9.91670471  1.04990134  0.69993422  11.35000000
-1.81088457  0.26683888  9.95170142  1.04960574  0.69973716  11.40000000
-1.85624634  0.24044778  9.98668827  1.04911436  0.69940958  11.45000000
-1.90063641  0.21249918  10.02165875  1.04842916  0.69895277  11.50000000
-1.94399382  0.18303489  10.05660639  1.04755283  0.69836855  11.55000000
-1.98625990  0.15209955  10.09152482  1.04648882  0.69765922  11.60000000
-2.02737842  0.11974040  10.12640778  1.04524135  0.69682757  11.65000000
-2.06729573  0.08600714  10.16124916  1.04381533  0.69587689  11.70000000
-2.10596091  0.05095176  10.19604300  1.04221640  0.69481093  11.75000000
-2.14332590  0.01462829  10.23078355  1.04045085  0.69363390  11.80000000
-2.17934559  -0.02290739  10.26546524  1.03852566  0.69235044  11.85000000
-2.21397787  -0.06159775  10.30008277  1.03644843  0.69096562  11.90000000
-2.24718375  -0.10138384  10.33463105  1.03422736  0.68948490  11.95000000
-2.27892738  -0.14220550  10.36910529  1.03187120  0.68791413  12.00000000
-2.30917606  -0.18400158  10.40350100  1.02938926  0.68625951  12.05000000
-2.33790027  -0.22671019  10.43781398  1.02679134  0.68452756  12.10000000
-2.36507365  -0.27026887  10.47204035  1.02408768  0.68272512  12.15000000
-2.39067297  -0.31461483  10.50617661  1.02128896  0.68085931  12.20000000
-2.41467808  -0.35968513  10.54021957  1.01840623  0.67893749  12.25000000
-2.43707186  -0.40541692  10.57416645  1.01545085  0.67696723  12.30000000
-2.45784014  -0.45174758  10.60801481  1.01243449  0.67495633  12.35000000
-2.47697161  -0.49861490  10.64176263  1.00936907  0.67291271  12.40000000
-2.49445771  -0.54595728  10.67540826  1.00626666  0.67084444  12.45000000
-2.51029253  -0.59371385  10.70895048  1.00313953  0.66875968  12.50000000
-2.52447268  -0.64182462  10.74238847  1.00000000  0.66666667  12.55000000
-2.53699716  -0.69023058  10.77572180  0.99686047  0.66457365  12.60000000
-2.54786721  -0.73887387  10.80895048  0.99373334  0.66248889  12.65000000
-2.55708619  -0.78769779  10.84207493  0.99063093  0.66042062  12.70000000
-2.56465943  -0.83664695  10.87509596  0.98756551  0.65837700  12.75000000
-2.57059406  -0.88566729  10.90801481  0.98454915  0.65636610  12.80000000
-2.57489888  -0.93470616  10.94083312  0.98159377  0.65439585  12.85000000
-2.57758422  -0.98371233  10.97355291  0.97871104  0.65247402  12.90000000
-2.57866176  -1.03263602  11.00617661  0.97591232  0.65060821  12.95000000
-2.57814442  -1.08142889  11.03870702  0.97320866  0.64880577  13.00000000
-2.57604622  -1.13004407  11.07114731  0.97061074  0.64707382  13.05000000
-2.57238211  -1.17843609  11.10350100  0.96812880  0.64541920  13.10000000
-2.56716790  -1.22656088  11.13577196  0.96577264  0.64384843  13.15000000
-2.56042010  -1.27437572  11.16796438  0.96355157  0.64236771  13.20000000
-2.55215584  -1.32183919  11.20008277  0.96147434  0.64098289  13.25000000
-2.54239274  -1.36891110  11.23213191  0.95954915  0.63969943  13.30000000
-2.53114887  -1.41555240  11.26411688  0.95778360  0.63852240  13.35000000
-2.51844259  -1.46172517  11.29604300  0.95618467  0.63745644  13.40000000
-2.50429259  -1.50739245  11.32791583  0.95475865  0.63650576  13.45000000
-2.48871774  -1.55251821  11.35974111  0.95351118  0.63567412  13.50000000
-2.47173710  -1.59706724  11.39152482  0.95244717  0.63496478  13.55000000
-2.45336985  -1.64100508  11.42327306  0.95157084  0.63438056  13.60000000
-2.43363532  -1.68429787  11.45499209  0.95088564  0.63392376  13.65000000
-2.41255293  -1.72691233  11.48668827  0.95039426  0.63359618  13.70000000
-2.39014223  -1.76881559  11.51836808  0.95009866  0.63339911  13.75000000
-2.36642289  -1.80997518  11.55003804  0.95000000  0.63333333  13.80000000
-2.34141474  -1.85035886  11.58170471  0.95009866  0.63339911  13.85000000
-2.31513779  -1.88993462  11.61337466  0.95039426  0.63359618  13.90000000
-2.28761230  -1.92867053  11.64505447  0.95088564  0.63392376  13.95000000
-2.25885883  -1.96653472  11.67675066  0.95157084  0.63438056  14.00000000
-2.22889827  -2.00349527  11.70846969  0.95244717  0.63496478  14.05000000
-2.19775197  -2.03952023  11.74021793  0.95351118  0.63567412  14.10000000
-2.16544178  -2.07457747  11.77200163  0.95475865  0.63650576  14.15000000
-2.13199013  -2.10863474  11.80382692  0.95618467  0.63745644  14.20000000
-2.09742017  -2.14165959  11.83569974  0.95778360  0.63852240  14.25000000
-2.06175581  -2.17361936  11.86762586  0.95954915  0.63969943  14.30000000
-2.02502186  -2.20448120  11.89961083  0.96147434  0.64098289  14.35000000
-1.98724411  -2.23421205  11.93165998  0.96355157  0.64236771  14.40000000
-1.94844944  -2.26277869  11.96377836  0.96577264  0.64384843  14.45000000
-1.90866592  -2.29014772  11.99597078  0.96812880  0.64541920  14.50000000
-1.86792294  -2.31628568  12.02824174  0.97061074  0.64707382  14.55000000
-1.82625126  -2.34115904  12.06059544  0.97320866  0.64880577  14.60000000
-1.78368316  -2.36473433  12.09303572  0.97591232  0.65060821  14.65000000
-1.74025247  -2.38697815  12.12556614  0.97871104  0.65247402  14.70000000
-1.69599473  -2.40785735  12.15818984  0.98159377  0.65439585  14.75000000
-1.65094721  -2.42733905  12.19090963  0.98454915  0.65636610  14.80000000
-1.60514901  -2.44539083  12.22372793  0.98756551  0.65837700  14.85000000
-1.55864109  -2.46198081  12.25664678  0.99063093  0.66042062  14.90000000
-1.51146636  -2.47707781  12.28966782  0.99373334  0.66248889  14.95000000
-1.46366970  -2.49065148  12.32279226  0.99686047  0.66457365  15.00000000
-1.41529799  -2.50267246  12.35602094  1.00000000  0.66666667  15.05000000
-1.36640009  -2.51311256  12.38935428  1.00313953  0.66875968  15.10000000
-1.31702689  -2.52194487  12.42279226  1.00626666  0.67084444  15.15000000
-1.26723127  -2.52914398  12.45633448  1.00936907  0.67291271  15.20000000
-1.21706804  -2.53468613  12.48998012  1.01243449  0.67495633  15.25000000
-1.16659395  -2.53854939  12.52372793  1.01545085  0.67696723  15.30000000
-1.11586756  -2.54071381  12.55757630  1.01840623  0.67893749  15.35000000
-1.06494922  -2.54116162  12.59152317  1.02128896  0.68085931  15.40000000
-1.01390092  -2.53987735  12.62556614  1.02408768  0.68272512  15.45000000
-0.96278622  -2.53684805  12.65970239  1.02679134  0.68452756  15.50000000
-0.91167010  -2.53206339  12.69392877  1.02938926  0.68625951  15.55000000
-0.86061880  -2.52551583  12.72824174  1.03187120  0.68791413  15.60000000
-0.80969970  -2.51720075  12.76263745  1.03422736  0.68948490  15.65000000
-0.75898112  -2.50711655  12.79711170  1.03644843  0.69096562  15.70000000
-0.70853214  -2.49526481  12.83165998  1.03852566  0.69235044  15.75000000
-0.65842241  -2.48165034  12.86627750  1.04045085  0.69363390  15.80000000
-0.60872194  -2.46628125  12.90095919  1.04221640  0.69481093  15.85000000
-0.55950090  -2.44916907  12.93569974  1.04381533  0.69587689  15.90000000
-0.51082937  -2.43032873  12.97049359  1.04524135  0.69682757  15.95000000
-0.46277714  -2.40977863  13.00533496  1.04648882  0.69765922  16.00000000
-0.41541346  -2.38754063  13.04021793  1.04755283  0.69836855  16.05000000
-0.36880682  -2.36364003  13.07513635  1.04842916  0.69895277  16.10000000
-0.32302473  -2.33810555  13.11008399  1.04911436  0.69940958  16.15000000
-0.27813346  -2.31096930  13.14505447  1.04960574  0.69973716  16.20000000
-0.23419785  -2.28226664  13.18004133  1.04990134  0.69993422  16.25000000
-0.19128105  -2.25203619  13.21503804  1.05000000  0.70000000  16.30000000
-0.14944435  -2.22031962  13.25003804  1.04990134  0.69993422  16.35000000
-0.10874695  -2.18716162  13.28503475  1.04960574  0.69973716  16.40000000
-0.06924577  -2.15260966  13.32002161  1.04911436  0.69940958  16.45000000
-0.03099531  -2.11671391  13.35499209  1.04842916  0.69895277  16.50000000
0.00595259  -2.07952706  13.38993973  1.04755283  0.69836855  16.55000000
0.04154881  -2.04110407  13.42485815  1.04648882  0.69765922  16.60000000
0.07574718  -2.00150206  13.45974111  1.04524135  0.69682757  16.65000000
0.10850448  -1.96078005  13.49458249  1.04381533  0.69587689  16.70000000
0.13978066  -1.91899875  13.52937634  1.04221640  0.69481093  16.75000000
0.16953881  -1.87622036  13.56411688  1.04045085  0.69363390  16.80000000
0.19774529  -1.83250836  13.59879858  1.03852566  0.69235044  16.85000000
0.22436976  -1.78792724  13.63341610  1.03644843  0.69096562  16.90000000
0.24938516  -1.74254229  13.66796438  1.03422736  0.68948490  16.95000000
0.27276776  -1.69641942  13.70243863  1.03187120  0.68791413  17.00000000
0.29449711  -1.64962486  13.73683433  1.02938926  0.68625951  17.05000000
0.31455603  -1.60222501  13.77114731  1.02679134  0.68452756  17.10000000
0.33293054  -1.55428621  13.80537369  1.02408768  0.68272512  17.15000000
0.34960980  -1.50587453  13.83950994  1.02128896  0.68085931  17.20000000
0.36458604  -1.45705558  13.87355291  1.01840623  0.67893749  17.25000000
0.37785442  -1.40789433  13.90749978  1.01545085  0.67696723  17.30000000
0.38941296  -1.35845496  13.94134814  1.01243449  0.67495633  17.35000000
0.39926242  -1.30880068  13.97509596  1.00936907  0.67291271  17.40000000
0.40740613  -1.25899361  14.00874160  1.00626666  0.67084444  17.45000000
0.41384989  -1.20909462  14.04228382  1.00313953  0.66875968  17.50000000
0.41860180  -1.15916325  14.07572180  1.00000000  0.66666667  17.55000000
0.42167212  -1.10925761  14.10905514  0.99686047  0.66457365  17.60000000
0.42307312  -1.05943428  14.14228382  0.99373334  0.66248889  17.65000000
0.42281888  -1.00974826  14.17540826  0.99063093  0.66042062  17.70000000
0.42092519  -0.96025293  14.20842929  0.98756551  0.65837700  17.75000000
0.41740935  -0.91099998  14.24134814  0.98454915  0.65636610  17.80000000
0.41229005  -0.86203943  14.27416645  0.98159377  0.65439585  17.85000000
0.40558717  -0.81341960  14.30688624  0.97871104  0.65247402  17.90000000
0.39732168  -0.76518715  14.33950994  0.97591232  0.65060821  17.95000000
0.38751546  -0.71738704  14.37204035  0.97320866  0.64880577  18.00000000
0.37619121  -0.67006264  14.40448064  0.97061074  0.64707382  18.05000000
0.36337228  -0.62325571  14.43683433  0.96812880  0.64541920  18.10000000
0.34908258  -0.57700652  14.46910529  0.96577264  0.64384843  18.15000000
0.33334647  -0.53135385  14.50129771  0.96355157  0.64236771  18.20000000
0.31618864  -0.48633509  14.53341610  0.96147434  0.64098289  18.25000000
0.29763407  -0.44198636  14.56546524  0.95954915  0.63969943  18.30000000
0.27770791  -0.39834252  14.59745022  0.95778360  0.63852240  18.35000000
0.25643544  -0.35543733  14.62937634  0.95618467  0.63745644  18.40000000
0.23384203  -0.31330349  14.66124916  0.95475865  0.63650576  18.45000000
0.20995308  -0.27197277  14.69307445  0.95351118  0.63567412  18.50000000
0.18479401  -0.23147611  14.72485815  0.95244717  0.63496478  18.55000000
0.15839021  -0.19184368  14.75660639  0.95157084  0.63438056  18.60000000
0.13076712  -0.15310504  14.78832542  0.95088564  0.63392376  18.65000000
0.10195014  -0.11528917  14.82002161  0.95039426  0.63359618  18.70000000
0.07196471  -0.07842458  14.85170142  0.95009866  0.63339911  18.75000000
0.04083635  -0.04253944  14.88337137  0.95000000  0.63333333  18.80000000
0.00859066  -0.00766157  14.91503804  0.95009866  0.63339911  18.85000000
-0.02474661  0.02618138  14.94670799  0.95039426  0.63359618  18.90000000
-0.05914948  0.05896194  14.97838780  0.95088564  0.63392376  18.95000000
-0.09459172  0.09065273  15.01008399  0.95157084  0.63438056  19.00000000
-0.13104672  0.12122643  15.04180302  0.95244717  0.63496478  19.05000000
-0.16848743  0.15065570  15.07355126  0.95351118  0.63567412  19.10000000
-0.20688630  0.17891319  15.10533496  0.95475865  0.63650576  19.15000000
-0.24621513  0.20597152  15.13716025  0.95618467  0.63745644  19.20000000
-0.28644504  0.23180323  15.16903307  0.95778360  0.63852240  19.25000000
-0.32754632  0.25638082  15.20095919  0.95954915  0.63969943  19.30000000
-0.36948837  0.27967678  15.23294417  0.96147434  0.64098289  19.35000000
-0.41223955  0.30166355  15.26499331  0.96355157  0.64236771  19.40000000
-0.45576716  0.32231365  15.29711170  0.96577264  0.64384843  19.45000000
-0.50003726  0.34159965  15.32930412  0.96812880  0.64541920  19.50000000
-0.54501465  0.35949430  15.36157508  0.97061074  0.64707382  19.55000000
-0.59066272  0.37597055  15.39392877  0.97320866  0.64880577  19.60000000
-0.63694341  0.39100168  15.42636906  0.97591232  0.65060821  19.65000000
-0.68381715  0.40456137  15.45889947  0.97871104  0.65247402  19.70000000
-0.73124273  0.41662382  15.49152317  0.98159377  0.65439585  19.75000000
-0.77917729  0.42716389  15.52424296  0.98454915  0.65636610  19.80000000
-0.82757629  0.43615718  15.55706127  0.98756551  0.65837700  19.85000000
-0.87639343  0.44358021  15.58998012  0.99063093  0.66042062  19.90000000
-0.92558064  0.44941055  15.62300115  0.99373334  0.66248889  19.95000000
-0.97508808  0.45362696  15.65612559  0.99686047  0.66457365  20.00000000
